data: 
  high: 123.331231098
  med: 0.1111
  low: 512.12398
  range: 2314
  power: 12.569